265 17197 23335
5720
5603
6403
181
8989
12314
14630
6061
10704
2849
12364
8732
13655
9577
12285
4225
11379
5511
3672
8300
8235
8238
7187
12315
3080
9694
14659
1697
2358
12646
4764
6793
13134
11408
8416
362
5125
10940
8450
2336
9373
5227
13834
11353
1727
9306
3366
10239
2020
1957
9457
9815
7213
6022
7295
2953
1528
12856
9769
9712
14535
5965
4879
10342
7861
13551
9403
5142
2808
10557
12668
11143
174
3568
12903
10746
9468
12249
2641
9723
2979
11332
3532
6567
5668
3495
10970
14283
14392
5190
3596
7063
3277
8404
14998
9988
10872
9740
4106
12042
9041
13936
5404
1276
14701
9715
5573
9894
9406
1260
5601
1729
10471
5084
3814
3351
11305
12215
1814
10625
13733
9679
551
2070
6576
5380
256
8562
4100
1585
1112
13802
14578
14211
5702
14412
8482
5204
8900
8321
8812
6140
12441
8198
2978
6182
6080
5381
12675
5333
4111
7175
5579
469
7806
7278
8175
8011
478
12866
9525
4969
3943
178
9529
3199
3669
428
7260
7716
14628
2414
9383
9674
13530
5884
8757
12636
773
8797
1411
11434
5320
4743
5310
12602
2337
5958
3832
2129
5964
5654
3211
9551
4139
9678
2744
14306
12707
14932
1113
13913
8745
2690
3062
13839
6169
6007
9273
8467
9779
3118
14356
10944
13870
12184
3999
14585
14340
1127
14532
6920
4982
6338
1646
11314
7426
960
12799
2749
108
5043
5460
12603
10464
5373
9323
9440
14931
13817
9526
14528
1754
12674
11514
9785
5751
9527
12793
3445
5717
4793
5005
5128
628
7563
9528
2416
8341
3155
1991
2524
618
851
156

